#LOAD
9895.980679999997
9507.006619999995
9247.819640000002
9094.787059999999
9192.418020000005
9382.643429999995
9915.351849999995
10303.938519999998
10528.644629999999
10780.08313
10685.551599999997
10735.529260000001
10394.983320000001
10306.263100000004
10261.709259999998
10431.013739999999
11321.314959999996
12377.43374
12074.467899999994
12277.478279999998
12257.719620000002
11691.692560000007
11079.562090000007
10345.392909999997
9845.228150000003
9477.562380000005
9051.78301999999
9171.109729999996
9266.416029999991
9851.814310000003
10540.65477
10952.486910000001
11279.860509999995
11764.140979999995
11821.479750000006
11645.976569999999
