#LOAD
2977.32959
2860.3019500000005
2782.322280000001
2736.280489999999
2765.6540299999997
2822.88567
2983.157759999999
3100.0688299999997
3167.67451
3243.3229099999985
3214.8819799999997
3229.918310000001
3127.46084
3100.76822
3087.3636600000004
3138.301050000001
3406.159299999999
3723.9058699999987
3632.754840000001
3693.8330400000004
3687.88834
3517.5921
3333.4248700000007
3112.5409499999982
2962.06008
2851.4432600000005
2723.3422399999995
2759.2431500000002
2787.917260000003
2964.0416100000007
3171.2879299999986
3295.192770000001
3393.6872200000003
3539.3890300000003
3556.6401399999995
3503.837809999998
