#LOAD
6908.93882
6657.8878
6365.382309999996
6254.191589999996
6103.096069999998
6274.337610000004
6407.999109999997
6896.928630000003
7520.681880000002
8251.751700000006
8737.969260000002
8958.026330000006
9014.202889999997
9027.375269999995
9015.75251
9155.612739999999
9412.475060000008
9505.456920000004
10166.790270000005
11079.562090000007
10221.029750000003
9465.939610000009
8629.490410000004
7585.381640000003
7718.655680000001
7446.29629
7334.330720000004
7294.425909999999
7543.53988
8477.620079999995
10289.216480000003
10150.1311
9979.664379999997
10369.413219999999
10611.166050000002
10653.78265
