#LOAD
3625.0616999999997
3372.9392599999983
3203.9251400000003
3085.7318199999995
3022.4389799999994
3034.561319999999
3068.364129999999
3332.2593200000024
3642.42938
3966.9365199999993
4247.73317
4523.517560000001
4655.23202
4720.739549999999
4874.251010000006
5011.6770000000015
5055.73721
5016.6891099999975
4869.7051200000005
4688.568569999998
4671.783779999998
4575.8536399999975
4173.716520000001
3820.1855900000005
3463.0414500000006
3255.095640000001
3077.6891199999995
2949.238340000001
2856.45539
2789.89882
2800.972080000001
3017.8930499999997
3454.1826400000004
3792.2108599999983
4130.239159999999
4441.92454
