#LOAD
8903.786849999997
8651.573539999998
8332.723349999997
8112.278850000001
8232.767869999996
8645.762170000002
9259.82989000001
9755.34566
10259.772220000006
10416.678989999997
10709.571780000006
10704.535279999993
10428.301750000002
10195.072300000002
9966.879379999993
9863.437010000001
9943.633830000006
10051.337859999994
10344.23068
10630.149910000002
10639.83549
10375.224530000001
9963.779910000003
9280.36335
8969.26166
8636.85145
8500.865549999997
8412.5327
8468.321880000001
8678.693280000001
9416.349269999999
9741.010869999996
9911.090199999995
9914.577080000001
9864.986740000006
9869.635810000002
