# Power System Parameters
6      	# Number of units (NUNITS)
3       # Number of of generation cost segments (NSEGMENTS)
24      # Number of time interval
30				# Number of buses
41				# Number of branches
#0				# Number of phase shifter


#unit bus
1   2   22  27  23  13

#Pmax and Pmin
80  80  50  55  30  40
0   0   0   0   0   0

#PO
0   0   0   0   0   0

# Number of hours on (+) or off (-) before hour 1 (ISTATE)
-1	-1	8	8	-1	-1

# Minimum down time (MDT)
1	1	4	4	1	1

# Minimum up time (MUT)
1	1	8	8	1	1


#RU
56  56  35  38.5    21  28


#RD
56  56  35  38.5    21  28

#MSR
0.933333333 0.933333333 0.583333333 0.641666667 0.35    0.466666667


#QSC
0   0   0   0   0   0

#UBO
1	1	1	1	1	1	1	1	1	1	1	1	1	1	1	1	1	1	1	1	1	1	1	1	1	1	1	1	1	1	1	1	1	1	1	1	1	1	1	1	1

#NLC
900.5190882	900.5190882	178.6545376	178.6545376	900.5190882	900.5190882
#900.5190882	900.5190882	178.6545376	178.6545376	900.5190882	900.5190882	178.6545376	178.6545376	815.77565	815.77565	815.77565	2321.948616	2321.948616	2321.948616	98.5490064	98.5490064	98.5490064	98.5490064	98.5490064	551.9511638	551.9511638	530.88	530.88	0	0	0	0	0	0	551.9511638	551.9511638	1448.00068	900.5190882	900.5190882	178.6545376	178.6545376	900.5190882	900.5190882	178.6545376	178.6545376	815.77565	815.77565	815.77565	2321.948616	2321.948616	2321.948616	98.5490064	98.5490064	98.5490064	98.5490064	98.5490064	551.9511638	551.9511638	530.88

# Start up cold costs (SUCC)
28.905  28.905  733.676 733.676 28.905  28.905
#28.905  28.905  733.676 733.676 28.905  28.905  733.676 733.676 2283.244    2283.244    2283.244    3126.35 3126.35 3126.35 274.312 274.312 274.312 274.31  2   274.312 1173.143    1173.143    0   0   0   0   0   0   0   0   1173.143    1173.143    5500.108    28.905  28.905  733.676 733.676 28.905  28.905  733 676 733.676 2283.244    2283.244    2283.244    3126.35 3126.35 3126.35 274.312 274.312 274.312 274.312 274.312 1173.143

# Start up hot costs (SUHC)
28.905  28.905  733.676 733.676 28.905  28.905
#28.905  28.905  733.676 733.676 28.905  28.905  733.676 733.676 1008.5  1008.5  1008.5  1746.722    1746.722    1746.722    153.292 153.292 153.292 153.29  2   153.292 320.06  320.06  0   0   0   0   0   0   0   0   320.06  320.06  2357.365    28.905  28.905  733.676 733.676 28.905  28.905  733.676 733.676 1008    0.5 1008.5  1008.5  1746.722    1746.722    1746.722    153.292 153.292 153.292 153.292 153.292 320.06

# Shut-down cost (SDC)
0   0   0   0   0   0

# Number of hours of a cold start (TCOLD)
0   0   12  12  0   0

58.613559	82.506432	83.402487
58.613559	82.506432	83.402487
12.268146	14.250056	16.385841
12.268146	14.250056	16.385841
58.613559	82.506432	83.402487
58.613559	82.506432	83.402487

# Power ranges for each slope of the production cost function (PR)
11.2    33.6    11.2
11.2    11.2    33.6
7   21  7
23.1    7.7 7.7
4.2 12.6    4.2
5.6 16.8    5.6
