#LOAD
2678.8157500000007
2602.934170000002
2507.0040999999997
2440.680579999999
2476.9311999999995
2601.18578
2785.9357200000004
2935.01785
3086.7808800000016
3133.988270000001
3222.10871
3220.59342
3137.485089999998
3067.315130000001
2998.660390000002
2967.5384800000006
2991.66669
3024.0707900000007
3112.19127
3198.2135099999987
3201.1276900000003
3121.5161500000004
2997.727900000001
2792.1134699999984
2698.514630000001
2598.5048799999986
2557.591759999999
2531.015680000001
2547.8006400000013
2611.0934800000005
2833.0265599999993
2930.7051100000003
2981.8755899999996
2982.92466
2968.0047200000013
2969.4034599999995
