#LOAD
5470.08
5128.2
4957.26
4786.32
4786.32
4957.26
5470.08
6495.72
7435.89
8119.65
8461.53
8547
8461.53
8547
8547
8290.59
8205.12
8205.12
7948.71
7863.24
7863.24
7948.71
7435.89
6153.84
8119.65
8461.53
8547
8461.53
6019.2
5643
5454.9
5266.8
5266.8
5454.9
6019.2
7147.8
8182.35
8934.75
9310.95
9405
9310.95
9405
9405
9122.85
9028.8
9028.8
8746.65
8652.6
8652.6
8746.65
8182.35
6771.6
8119.65
8205.12
8205.12
8119.65
8119.65
8119.65
7948.71
8034.18
8461.53
8547
8547
8205.12
7777.77
7094.01
6239.31
6923.07
5726.49
5384.61
5128.2
5042.73
5042.73
5128.2
6324.78
7350.42
7606.83
7948.71
8547
8205.12
7606.83
7264.95
7948.71
8547
8119.65
8205.12
8205.12
8119.65
8119.65
8119.65
7948.71
8034.18
8461.53
8547
8547
8205.12
7777.77
7094.01
6239.31
6923.07
5726.49
5384.61
5128.2
5042.73
5042.73
5128.2
6324.78
7350.42
8547
7692.3
6837.6
5982.9
9401.7
8547
8934.75
9310.95
9405
9310.95
6019.2
5643
5454.9
5266.8
5266.8
5454.9
6019.2
7147.8
8182.35
8934.75
9310.95
9405
9310.95
9405
9405
9122.85
9028.8
9028.8
8746.65
8652.6
8652.6
8746.65
8182.35
6771.6
6019.2
5643
5454.9
5266.8
5266.8
5454.9
6019.2
7147.8
8182.35
8934.75
9310.95
9405
9310.95
9405
9405
9122.85
9028.8
9028.8
8746.65
8652.6
8652.6
8746.65
8182.35
6771.6
6019.2
5643
