# Power System Parameters
260      	# Number of units (NUNITS)
3       # Number of of generation cost segments (NSEGMENTS)
24      # Number of time interval
1354				# Number of buses
1991				# Number of branches
#0				# Number of phase shifter


#unit bus
17	21	34	43	46	51	57	64	70	72	78	79	81	87	95	97	101	102	104	106	111	113	114	118	133	135	136	145	150	152	154	156	178	181	185	191	193	203	205	210	233	239	244	247	250	255	261	264	270	271	278	282	286	296	300	307	320	323	331	334	345	353	355	356	360	364	367	368	375	382	383	387	394	402	405	406	410	411	412	419	421	422	426	432	434	444	447	451	465	468	469	473	479	480	484	492	493	498	499	500	502	507	510	518	524	534	537	545	551	553	559	565	574	578	585	586	592	598	602	610	617	619	624	625	627	640	654	660	664	669	670	676	688	694	696	702	713	715	716	717	721	726	732	739	744	747	749	750	756	757	760	769	774	782	788	789	793	806	809	810	811	812	813	819	820	822	836	837	844	853	857	861	863	869	872	873	877	880	893	895	913	917	918	920	922	924	931	936	942	945	971	985	986	987	989	993	995	997	1000	1011	1015	1016	1023	1026	1029	1035	1043	1049	1051	1060	1063	1069	1070	1086	1089	1092	1096	1097	1115	1121	1131	1135	1140	1154	1168	1172	1177	1181	1191	1192	1196	1202	1203	1219	1223	1228	1234	1235	1240	1252	1254	1256	1262	1272	1274	1277	1288	1297	1303	1304	1306	1310	1325	1327	1328	1335	1336	1337	1342	1344

#Pmax and Pmin
1000	160	100	120	2000	280	540	600	100	100	40	480	100	80	240	120	100	33.58	80	100	2000	200	1000	2400	2000	120	200	900	120	1200	80	100	2000	1200	100	120	100	100	80	80	80	80	2000	1000	40	41.06	2000	100	31.92	100	912.78	472.16	40	1000	2000	200	100	100	119.3	200	80	100	100	100	2000	80	80	360	120	160	2000	120	196.72	2000	100	160	2000	120	40	9.05	214.86	120	40	80	6.83	493.35	200	1000	40	240	100	120	540	100	100	1000	100	80	80	135.27	120	120	1200	100	900	80	600	100	100	1000	100	1200	700	900	1000	100	100	100	100	200	100	600	80	80	120	4188.95	80	100	1000	1000	80	100	100	80	100	281.85	1000	100	1000	10.46	160	100	80	100	220.12	80	160	600	100	120	2000	160	120	100	40	2000	100	80	2000	249.06	1000	100	4000	200	40	80	240	160	1200	1800	440	480	80	100	2000	100	100	900	769.94	53.76	120	80	200	80	100	100	200	1000	280	100	720	160	160	32.53	100	120	100	4000	300	280	80	100	80	120	600	272.28	1000	2000	7.35	100	4000	160	80	100	120	200	800	800	880	280	2000	2000	200	2000	900	100	1041.6	200	80	40	240	100	2400	1000	100	80	200	100	100	100	100	100	2000	240	100	160	2000	86.73	100	100	200	317.09	440	1000	100	100	100	1000	100	160
333.33	0	0	0	666.67	0	0	200	0	0	0	160	0	0	0	0	0	0	0	0	666.67	0	333.33	800	666.67	0	0	300	0	400	0	0	666.67	400	0	0	0	0	0	0	0	0	666.67	333.33	0	0	666.67	0	0	0	312.78	39.35	0	333.33	666.67	0	0	0	0	0	0	0	0	0	666.67	0	0	0	0	0	666.67	0	0	666.67	0	0	666.67	0	0	0	0	0	0	0	0	0	0	333.33	0	0	0	0	0	0	0	333.33	0	0	0	0	0	0	400	0	300	0	0	0	0	333.33	0	400	233.33	300	333.33	0	0	0	0	0	0	0	0	0	0	1333.33	0	0	333.33	333.33	0	0	0	0	0	0	333.33	0	333.33	0	0	0	0	0	0	0	0	0	0	0	666.67	0	0	0	0	666.67	0	0	666.67	0	333.33	0	1333.33	0	0	0	0	0	400	600	146.67	160	0	0	666.67	0	0	300	32.08	0	0	0	0	0	0	0	0	333.33	0	0	0	0	0	0	0	0	0	1333.33	88.67	0	0	0	0	0	200	0	333.33	666.67	0	0	1333.33	0	0	0	0	50.53	266.67	266.67	200	0	666.67	666.67	0	666.67	300	0	0	0	0	0	0	0	800	333.33	0	0	0	0	0	0	0	0	666.67	0	0	0	666.67	0	0	0	0	0	146.67	333.33	0	28.47	0	333.33	0	0

#PO
0	0	0	0	0	0	0	0	0	0	0	0	0	0	0	0	0	0	0	0	0	0	0	0	0	0	0	0	0	0	0	0	0	0	0	0	0	0	0	0	0	0	0	0	0	0	0	0	0	0	0	0	0	0	0	0	0	0	0	0	0	0	0	0	0	0	0	0	0	0	0	0	0	0	0	0	0	0	0	0	0	0	0	0	0	0	0	0	0	0	0	0	0	0	0	0	0	0	0	0	0	0	0	0	0	0	0	0	0	0	0	0	0	0	0	0	0	0	0	0	0	0	0	0	0	0	0	0	0	0	0	0	0	0	0	0	0	0	0	0	0	0	0	0	0	0	0	0	0	0	0	0	0	0	0	0	0	0	0	0	0	0	0	0	0	0	0	0	0	0	0	0	0	0	0	0	0	0	0	0	0	0	0	0	0	0	0	0	0	0	0	0	0	0	0	0	0	0	0	0	0	0	0	0	0	0	0	0	0	0	0	0	0	0	0	0	0	0	0	0	0	0	0	0	0	0	0	0	0	0	0	0	0	0	0	0	0	0	0	0	0	0	0	0	0	0	0	0	0	0	0	0	0	0	0	0	0	0	0	0

# Number of hours on (+) or off (-) before hour 1 (ISTATE)
-1	-1	8	8	-1	-1	8	8	-8	-8	-8	-10	-10	-10	-2	-2	-2	-2	-2	8	8	1	1	1	1	1	1	1	1	8	8	24	-1	-1	8	8	-1	-1	8	8	-8	-8	-8	-10	-10	-10	-2	-2	-2	-2	-2	8	-8	1	-1	-1	8	8	-1	-1	8	8	-8	-8	-8	-10	-10	-10	-2	-2	-2	-2	-2	8	8	1	1	1	1	1	1	1	1	8	8	24	-1	-1	8	8	-1	-1	8	8	-8	-8	-8	-10	-10	-10	-2	-2	-2	-2	-2	8	-8	1	-1	-1	8	8	-1	-1	8	8	-8	-8	-8	-10	-10	-10	-2	-2	-2	-2	-2	8	8	1	1	1	1	1	1	1	1	8	8	24	-1	-1	8	8	-1	-1	8	8	-8	-8	-8	-10	-10	-10	-2	-2	-2	-2	-2	8	-8	1	-1	-1	8	8	-1	-1	8	8	-8	-8	-8	-10	-10	-10	-2	-2	-2	-2	-2	8	8	1	1	1	1	1	1	1	1	8	8	24	-1	-1	8	8	-1	-1	8	8	-8	-8	-8	-10	-10	-10	-2	-2	-2	-2	-2	8	-8	1	-1	-1	8	8	-1	-1	8	8	-8	-8	-8	-10	-10	-10	-2	-2	-2	-2	-2	8	8	1	1	1	1	1	1	1	1	8	8	24	-1	-1	8	8	-1	-1	8	8	-8	-8	-8	-10

# Minimum down time (MDT)
1	1	4	4	1	1	4	4	8	8	8	10	10	10	2	2	2	2	2	8	8	1	1	1	1	1	1	1	1	8	8	48	1	1	4	4	1	1	4	4	8	8	8	10	10	10	2	2	2	2	2	8	8	1	1	1	4	4	1	1	4	4	8	8	8	10	10	10	2	2	2	2	2	8	8	1	1	1	1	1	1	1	1	8	8	48	1	1	4	4	1	1	4	4	8	8	8	10	10	10	2	2	2	2	2	8	8	1	1	1	4	4	1	1	4	4	8	8	8	10	10	10	2	2	2	2	2	8	8	1	1	1	1	1	1	1	1	8	8	48	1	1	4	4	1	1	4	4	8	8	8	10	10	10	2	2	2	2	2	8	8	1	1	1	4	4	1	1	4	4	8	8	8	10	10	10	2	2	2	2	2	8	8	1	1	1	1	1	1	1	1	8	8	48	1	1	4	4	1	1	4	4	8	8	8	10	10	10	2	2	2	2	2	8	8	1	1	1	4	4	1	1	4	4	8	8	8	10	10	10	2	2	2	2	2	8	8	1	1	1	1	1	1	1	1	8	8	48	1	1	4	4	1	1	4	4	8	8	8	10

# Minimum up time (MUT)
1	1	8	8	1	1	8	8	8	8	8	12	12	12	4	4	4	4	4	8	8	1	1	1	1	1	1	1	1	8	8	24	1	1	8	8	1	1	8	8	8	8	8	12	12	12	4	4	4	4	4	8	8	1	1	1	8	8	1	1	8	8	8	8	8	12	12	12	4	4	4	4	4	8	8	1	1	1	1	1	1	1	1	8	8	24	1	1	8	8	1	1	8	8	8	8	8	12	12	12	4	4	4	4	4	8	8	1	1	1	8	8	1	1	8	8	8	8	8	12	12	12	4	4	4	4	4	8	8	1	1	1	1	1	1	1	1	8	8	24	1	1	8	8	1	1	8	8	8	8	8	12	12	12	4	4	4	4	4	8	8	1	1	1	8	8	1	1	8	8	8	8	8	12	12	12	4	4	4	4	4	8	8	1	1	1	1	1	1	1	1	8	8	24	1	1	8	8	1	1	8	8	8	8	8	12	12	12	4	4	4	4	4	8	8	1	1	1	8	8	1	1	8	8	8	8	8	12	12	12	4	4	4	4	4	8	8	1	1	1	1	1	1	1	1	8	8	24	1	1	8	8	1	1	8	8	8	8	8	12

#RU
700	112	70	84	1400	196	378	420	70	70	28	336	70	56	168	84	70	23.506	56	70	1400	140	700	1680	1400	84	140	630	84	840	56	70	1400	840	70	84	70	70	56	56	56	56	1400	700	28	28.742	1400	70	22.344	70	638.946	330.512	28	700	1400	140	70	70	83.51	140	56	70	70	70	1400	56	56	252	84	112	1400	84	137.704	1400	70	112	1400	84	28	6.335	150.402	84	28	56	4.781	345.345	140	700	28	168	70	84	378	70	70	700	70	56	56	94.689	84	84	840	70	630	56	420	70	70	700	70	840	490	630	700	70	70	70	70	140	70	420	56	56	84	2932.265	56	70	700	700	56	70	70	56	70	197.295	700	70	700	7.322	112	70	56	70	154.084	56	112	420	70	84	1400	112	84	70	28	1400	70	56	1400	174.342	700	70	2800	140	28	56	168	112	840	1260	308	336	56	70	1400	70	70	630	538.958	37.632	84	56	140	56	70	70	140	700	196	70	504	112	112	22.771	70	84	70	2800	210	196	56	70	56	84	420	190.596	700	1400	5.145	70	2800	112	56	70	84	140	560	560	616	196	1400	1400	140	1400	630	70	729.12	140	56	28	168	70	1680	700	70	56	140	70	70	70	70	70	1400	168	70	112	1400	60.711	70	70	140	221.963	308	700	70	70	70	700	70	112

#RD
700	112	70	84	1400	196	378	420	70	70	28	336	70	56	168	84	70	23.506	56	70	1400	140	700	1680	1400	84	140	630	84	840	56	70	1400	840	70	84	70	70	56	56	56	56	1400	700	28	28.742	1400	70	22.344	70	638.946	330.512	28	700	1400	140	70	70	83.51	140	56	70	70	70	1400	56	56	252	84	112	1400	84	137.704	1400	70	112	1400	84	28	6.335	150.402	84	28	56	4.781	345.345	140	700	28	168	70	84	378	70	70	700	70	56	56	94.689	84	84	840	70	630	56	420	70	70	700	70	840	490	630	700	70	70	70	70	140	70	420	56	56	84	2932.265	56	70	700	700	56	70	70	56	70	197.295	700	70	700	7.322	112	70	56	70	154.084	56	112	420	70	84	1400	112	84	70	28	1400	70	56	1400	174.342	700	70	2800	140	28	56	168	112	840	1260	308	336	56	70	1400	70	70	630	538.958	37.632	84	56	140	56	70	70	140	700	196	70	504	112	112	22.771	70	84	70	2800	210	196	56	70	56	84	420	190.596	700	1400	5.145	70	2800	112	56	70	84	140	560	560	616	196	1400	1400	140	1400	630	70	729.12	140	56	28	168	70	1680	700	70	56	140	70	70	70	70	70	1400	168	70	112	1400	60.711	70	70	140	221.963	308	700	70	70	70	700	70	112

#MSR
0.233333333	0.233333333	0.886666667	0.886666667	0.233333333	0.233333333	0.886666667	0.886666667	1.166666667	1.16666666	1.166666667	2.298333333	2.298333333	2.298333333	0.14	0.14	0.14	0.14	0.14	1.808333333	1.808333333	4.666666667	4.666666667	0.583333333	0.583333333	0.583333333	0.583333333	0.583333333	0.583333333	1.808333333	1.808333333	4.083333333	0.233333333	0.233333333	0.886666667	0.886666667	0.233333333	0.233333333	0.886666667	0.886666667	1.166666667	1.166666667	1.166666667	2.298333333	2.298333333	2.298333333	0.14	0.14	0.14	0.14	0.14	1.808333333	1.808333333	4.666666667	0.233333333	0.233333333	0.886666667	0.886666667	0.233333333	0.233333333	0.886666667	0.886666667	1.166666667	1.16666666	1.166666667	2.298333333	2.298333333	2.298333333	0.14	0.14	0.14	0.14	0.14	1.808333333	1.808333333	4.666666667	4.666666667	0.583333333	0.583333333	0.583333333	0.583333333	0.583333333	0.583333333	1.808333333	1.808333333	4.083333333	0.233333333	0.233333333	0.886666667	0.886666667	0.233333333	0.233333333	0.886666667	0.886666667	1.166666667	1.166666667	1.166666667	2.298333333	2.298333333	2.298333333	0.14	0.14	0.14	0.14	0.14	1.808333333	1.808333333	4.666666667	0.233333333	0.233333333	0.886666667	0.886666667	0.233333333	0.233333333	0.886666667	0.886666667	1.166666667	1.16666666	1.166666667	2.298333333	2.298333333	2.298333333	0.14	0.14	0.14	0.14	0.14	1.808333333	1.808333333	4.666666667	4.666666667	0.583333333	0.583333333	0.583333333	0.583333333	0.583333333	0.583333333	1.808333333	1.808333333	4.083333333	0.233333333	0.233333333	0.886666667	0.886666667	0.233333333	0.233333333	0.886666667	0.886666667	1.166666667	1.166666667	1.166666667	2.298333333	2.298333333	2.298333333	0.14	0.14	0.14	0.14	0.14	1.808333333	1.808333333	4.666666667	0.233333333	0.233333333	0.886666667	0.886666667	0.233333333	0.233333333	0.886666667	0.886666667	1.166666667	1.16666666	1.166666667	2.298333333	2.298333333	2.298333333	0.14	0.14	0.14	0.14	0.14	1.808333333	1.808333333	4.666666667	4.666666667	0.583333333	0.583333333	0.583333333	0.583333333	0.583333333	0.583333333	1.808333333	1.808333333	4.083333333	0.233333333	0.233333333	0.886666667	0.886666667	0.233333333	0.233333333	0.886666667	0.886666667	1.166666667	1.166666667	1.166666667	2.298333333	2.298333333	2.298333333	0.14	0.14	0.14	0.14	0.14	1.808333333	1.808333333	4.666666667	0.233333333	0.233333333	0.886666667	0.886666667	0.233333333	0.233333333	0.886666667	0.886666667	1.166666667	1.16666666	1.166666667	2.298333333	2.298333333	2.298333333	0.14	0.14	0.14	0.14	0.14	1.808333333	1.808333333	4.666666667	4.666666667	0.583333333	0.583333333	0.583333333	0.583333333	0.583333333	0.583333333	1.808333333	1.808333333	4.083333333	0.233333333	0.233333333	0.886666667	0.886666667	0.233333333	0.233333333	0.886666667	0.886666667	1.166666667	1.166666667	1.166666667	2.298333333

#QSC
0	0	0	0	0	0	0	0	0	0	0	0	0	0	0	0	0	0	0	0	0	0	0	0	0	0	0	0	0	0	0	0	0	0	0	0	0	0	0	0	0	0	0	0	0	0	0	0	0	0	0	0	0	0	0	0	0	0	0	0	0	0	0	0	0	0	0	0	0	0	0	0	0	0	0	0	0	0	0	0	0	0	0	0	0	0	0	0	0	0	0	0	0	0	0	0	0	0	0	0	0	0	0	0	0	0	0	0	0	0	0	0	0	0	0	0	0	0	0	0	0	0	0	0	0	0	0	0	0	0	0	0	0	0	0	0	0	0	0	0	0	0	0	0	0	0	0	0	0	0	0	0	0	0	0	0	0	0	0	0	0	0	0	0	0	0	0	0	0	0	0	0	0	0	0	0	0	0	0	0	0	0	0	0	0	0	0	0	0	0	0	0	0	0	0	0	0	0	0	0	0	0	0	0	0	0	0	0	0	0	0	0	0	0	0	0	0	0	0	0	0	0	0	0	0	0	0	0	0	0	0	0	0	0	0	0	0	0	0	0	0	0	0	0	0	0	0	0	0	0	0	0	0	0	0	0	0	0	0	0

#UBO
1	1	1	1	1	1	1	1	1	1	1	1	1	1	1	1	1	1	1	1	1	1	1	1	1	1	1	1	1	1	1	1	1	1	1	1	1	1	1	1	1	1	1	1	1	1	1	1	1	1	1	1	1	1	1	1	1	1	1	1	1	1	1	1	1	1	1	1	1	1	1	1	1	1	1	1	1	1	1	1	1	1	1	1	1	1	1	1	1	1	1	1	1	1	1	1	1	1	1	1	1	1	1	1	1	1	1	1	1	1	1	1	1	1	1	1	1	1	1	1	1	1	1	1	1	1	1	1	1	1	1	1	1	1	1	1	1	1	1	1	1	1	1	1	1	1	1	1	1	1	1	1	1	1	1	1	1	1	1	1	1	1	1	1	1	1	1	1	1	1	1	1	1	1	1	1	1	1	1	1	1	1	1	1	1	1	1	1	1	1	1	1	1	1	1	1	1	1	1	1	1	1	1	1	1	1	1	1	1	1	1	1	1	1	1	1	1	1	1	1	1	1	1	1	1	1	1	1	1	1	1	1	1	1	1	1	1	1	1	1	1	1	1	1	1	1	1	1	1	1	1	1	1	1	1	1	1	1	1	1	1	1	1	1	1	1	1	1	1	1	1	1	1	1	1	1	1	1	1	1	1	1	1	1	1	1	1	1	1	1	1	1	1	1	1	1	1	1	1	1	1	1	1	1	1	1	1	1	1	1	1	1	1	1	1	1	1	1	1	1	1	1	1	1	1	1	1	1	1	1	1	1	1	1	1	1	1	1	1	1	1	1	1	1	1	1	1	1	1	1	1	1	1	1	1	1	1	1	1	1	1	1	1	1	1	1	1	1	1	1	1	1	1	1	1	1	1	1	1	1	1	1	1	1	1	1	1	1	1	1	1	1	1	1	1	1	1	1	1	1	1	1	1	1	1	1	1	1	1	1	1	1	1	1	1	1	1	1	1	1	1	1	1	1	1	1	1	1	1	1	1	1	1	1	1	1	1	1	1	1	1	1	1	1	1	1	1	1	1	1	1	1	1	1	1	1	1	1	1	1	1	1	1	1	1	1	1	1	1	1	1	1	1	1	1	1	1	1	1	1	1	1	1	1	1	1	1	1	1	1	1	1	1	1	1	1	1	1	1	1	1	1	1	1	1	1	1	1	1	1	1	1	1	1	1	1	1	1	1	1	1	1	1	1	1	1	1	1	1	1	1	1	1	1	1	1	1	1	1	1	1	1	1	1	1	1	1	1	1	1	1	1	1	1	1	1	1	1	1	1	1	1	1	1	1	1	1	1	1	1	1	1	1	1	1	1	1	1	1	1	1	1	1	1	1	1	1	1	1	1	1	1	1	1	1	1	1	1	1	1	1	1	1	1	1	1	1	1	1	1	1	1	1	1	1	1	1	1	1	1	1	1	1	1	1	1	1	1	1	1	1	1	1	1	1	1	1	1	1	1	1	1	1	1	1	1	1	1	1	1	1	1	1	1	1	1	1	1	1	1	1	1	1	1	1	1	1	1	1	1	1	1	1	1	1	1	1	1	1	1	1	1	1	1	1	1	1	1	1	1	1	1	1	1	1	1	1	1	1	1	1	1	1	1	1	1	1	1	1	1	1	1	1	1	1	1	1	1	1	1	1	1	1	1	1	1	1	1	1	1	1	1	1	1	1	1	1	1	1	1	1	1	1	1	1	1	1	1	1	1	1	1	1	1	1	1	1	1	1	1	1	1	1	1	1	1	1	1	1	1	1	1	1	1	1	1	1	1	1	1	1	1	1	1	1	1	1	1	1	1	1	1	1	1	1	1	1	1	1	1	1	1	1	1	1	1	1	1	1	1	1	1	1	1	1	1	1	1	1	1	1	1	1	1	1	1	1	1	1	1	1	1	1	1	1	1	1	1	1	1	1	1	1	1	1	1	1	1	1	1	1	1	1	1	1	1	1	1	1	1	1	1	1	1	1	1	1	1	1	1	1	1	1	1	1	1	1	1	1	1	1	1	1	1	1	1	1	1	1	1	1	1	1	1	1	1	1	1	1	1	1	1	1	1	1	1	1	1	1	1	1	1	1	1	1	1	1	1	1	1	1	1	1	1	1	1	1	1	1	1	1	1	1	1	1	1	1	1	1	1	1	1	1	1	1	1	1	1	1	1	1	1	1	1	1	1	1	1	1	1	1	1	1	1	1	1	1	1	1	1	1	1	1	1	1	1	1	1	1	1	1	1	1	1	1	1	1	1	1	1	1	1	1	1	1	1	1	1	1	1	1	1	1	1	1	1	1	1	1	1	1	1	1	1	1	1	1	1	1	1	1	1	1	1	1	1	1	1	1	1	1	1	1	1	1	1	1	1	1	1	1	1	1	1	1	1	1	1	1	1	1	1	1	1	1	1	1	1	1	1	1	1	1	1	1	1	1	1	1	1	1	1	1	1	1	1	1	1	1	1	1	1	1	1	1	1	1	1	1	1	1	1	1	1	1	1	1	1	1	1	1	1	1	1	1	1	1	1	1	1	1	1	1	1	1	1	1	1	1	1	1	1	1	1	1	1	1	1	1	1	1	1	1	1	1	1	1	1	1	1	1	1	1	1	1	1	1	1	1	1	1	1	1	1	1	1	1	1	1	1	1	1	1	1	1	1	1	1	1	1	1	1	1	1	1	1	1	1	1	1	1	1	1	1	1	1	1	1	1	1	1	1	1	1	1	1	1	1	1	1	1	1	1	1	1	1	1	1	1	1	1	1	1	1	1	1	1	1	1	1	1	1	1	1	1	1	1	1	1	1	1	1	1	1	1	1	1	1	1	1	1	1	1	1	1	1	1	1	1	1	1	1	1	1	1	1	1	1	1	1	1	1	1	1	1	1	1	1	1	1	1	1	1	1	1	1	1	1	1	1	1	1	1	1	1	1	1	1	1	1	1	1	1	1	1	1	1	1	1	1	1	1	1	1	1	1	1	1	1	1	1	1	1	1	1	1	1	1	1	1	1	1	1	1	1	1	1	1	1	1	1	1	1	1	1	1	1	1	1	1	1	1	1	1	1	1	1	1	1	1	1	1	1	1	1	1	1	1	1	1	1	1	1	1	1	1	1	1	1	1	1	1	1	1	1	1	1	1	1	1	1	1	1	1	1	1	1	1	1	1	1	1	1	1	1	1	1	1	1	1	1	1	1	1	1	1	1	1	1	1	1	1	1	1	1	1	1	1	1	1	1	1	1	1	1	1	1	1	1	1	1	1	1	1	1	1	1	1	1	1	1	1	1	1	1	1	1	1	1	1	1	1	1	1	1	1	1	1	1	1	1	1	1	1	1	1	1	1	1	1	1	1	1	1	1	1	1	1	1	1	1	1	1	1	1	1	1	1	1	1	1	1	1	1	1	1	1	1	1	1	1	1	1	1	1	1	1	1	1	1	1	1	1	1	1	1	1	1	1	1	1	1	1	1	1	1	1	1	1	1	1	1	1	1	1	1	1	1	1	1	1	1	1	1	1	1	1	1	1	1	1	1	1	1	1	1	1	1	1	1	1	1	1	1	1	1	1	1	1	1	1	1	1	1	1	1	1	1	1	1	1	1	1	1	1	1	1	1	1	1	1	1	1	1	1	1	1	1	1	1	1	1	1	1	1	1	1	1	1	1	1	1	1	1	1	1	1	1	1	1	1	1	1	1	1	1	1	1	1	1	1	1	1	1	1	1	1	1	1	1	1	1	1	1	1	1	1	1	1	1	1	1	1	1	1	1	1	1	1	1	1	1	1	1	1	1	1	1	1	1	1	1	1	1	1	1	1	1	1	1	1	1	1	1	1	1	1	1	1	1	1	1	1	1	1	1	1	1	1	1	1	1	1	1	1	1	1	1	1	1	1	1	1	1	1	1	1	1	1	1	1	1	1	1	1	1	1	1	1	1	1	1	1	1	1	1	1	1	1	1	1	1	1	1	1	1	1	1	1	1	1	1	1	1	1	1	1	1	1	1	1	1	1	1	1	1	1	1	1	1	1	1	1	1	1	1	1	1	1	1	1	1	1	1	1	1	1	1	1	1	1	1	1	1	1	1	1	1	1	1	1	1	1	1	1	1	1	1	1	1	1	1	1	1	1	1	1	1	1	1	1	1	1	1	1	1	1	1	1	1	1	1	1	1	1	1	1	1	1	1	1	1	1	1	1	1	1	1	1	1	1	1	1	1	1	1	1	1	1	1	1	1	1	1	1	1	1	1	1	1	1	1	1	1	1	1	1	1	1	1	1	1	1	1	1	1	1	1	1	1	1	1	1	1	1	1	1	1	1	1	1	1	1	1	1	1	1	1	1	1	1	1	1	1	1	1	1	1	1	1	1	1	1	1	1	1	1	1	1	1	1	1	1	1	1	1	1	1	1	1	1	1	1	1	1	1	1	1	1	1	1	1	1	1	1	1	1	1	1	1	1	1	1	1	1	1	1	1	1	1	1	1	1	1	1	1	1	1	1	1	1	1	1	1	1	1	1	1	1	1	1

#NLC
900.5190882	900.5190882	178.6545376	178.6545376	900.5190882	900.5190882	178.6545376	178.6545376	815.77565	815.77565	815.77565	2321.948616	2321.948616	2321.948616	98.5490064	98.5490064	98.5490064	98.5490064	98.5490064	551.9511638	530.88	530.88	0	0	0	0	0	0	551.9511638	551.9511638	1448.00068	900.5190882	900.5190882	178.6545376	178.6545376	900.5190882	900.5190882	178.6545376	178.6545376	815.77565	815.77565	815.77565	2321.948616	2321.948616	2321.948616	98.5490064	98.5490064	98.5490064	98.5490064	98.5490064	551.9511638	551.9511638	530.88	900.5190882	900.5190882	178.6545376	178.6545376	900.5190882	900.5190882	178.6545376	178.6545376	815.77565	815.77565	815.77565	2321.948616	2321.948616	2321.948616	98.5490064	98.5490064	98.5490064	98.5490064	98.5490064	551.9511638	530.88	530.88	0	0	0	0	0	0	551.9511638	551.9511638	1448.00068	900.5190882	900.5190882	178.6545376	178.6545376	900.5190882	900.5190882	178.6545376	178.6545376	815.77565	815.77565	815.77565	2321.948616	2321.948616	2321.948616	98.5490064	98.5490064	98.5490064	98.5490064	98.5490064	551.9511638	551.9511638	530.88	900.5190882	900.5190882	178.6545376	178.6545376	900.5190882	900.5190882	178.6545376	178.6545376	815.77565	815.77565	815.77565	2321.948616	2321.948616	2321.948616	98.5490064	98.5490064	98.5490064	98.5490064	98.5490064	551.9511638	530.88	530.88	0	0	0	0	0	0	551.9511638	551.9511638	1448.00068	900.5190882	900.5190882	178.6545376	178.6545376	900.5190882	900.5190882	178.6545376	178.6545376	815.77565	815.77565	815.77565	2321.948616	2321.948616	2321.948616	98.5490064	98.5490064	98.5490064	98.5490064	98.5490064	551.9511638	551.9511638	530.88	900.5190882	900.5190882	178.6545376	178.6545376	900.5190882	900.5190882	178.6545376	178.6545376	815.77565	815.77565	815.77565	2321.948616	2321.948616	2321.948616	98.5490064	98.5490064	98.5490064	98.5490064	98.5490064	551.9511638	530.88	530.88	0	0	0	0	0	0	551.9511638	551.9511638	1448.00068	900.5190882	900.5190882	178.6545376	178.6545376	900.5190882	900.5190882	178.6545376	178.6545376	815.77565	815.77565	815.77565	2321.948616	2321.948616	2321.948616	98.5490064	98.5490064	98.5490064	98.5490064	98.5490064	551.9511638	551.9511638	530.88	900.5190882	900.5190882	178.6545376	178.6545376	900.5190882	900.5190882	178.6545376	178.6545376	815.77565	815.77565	815.77565	2321.948616	2321.948616	2321.948616	98.5490064	98.5490064	98.5490064	98.5490064	98.5490064	551.9511638	530.88	530.88	0	0	0	0	0	0	551.9511638	551.9511638	1448.00068	900.5190882	900.5190882	178.6545376	178.6545376	900.5190882	900.5190882	178.6545376	178.6545376	815.77565	815.77565	815.77565	2321.948616	2321.948616	2321.948616	98.5490064	98.5490064	98.5490064

# Start up cold costs (SUCC)
28.905	28.905	733.676	733.676	28.905	28.905	733.676	733.676	2283.244	2283.244	2283.244	3126.35	3126.35	3126.35	274.312	274.312	274.312	274.312	274.312	1173.143	1173.143	0	0	0	0	0	0	0	0	1173.143	1173.143	5500.108	28.905	28.905	733.676	733.676	28.905	28.905	733	676	733.676	2283.244	2283.244	2283.244	3126.35	3126.35	3126.35	274.312	274.312	274.312	274.312	274.312	1173.143	28.905	28.905	733.676	733.676	28.905	28.905	733.676	733.676	2283.244	2283.244	2283.244	3126.35	3126.35	3126.35	274.312	274.312	274.312	274.312	274.312	1173.143	1173.143	0	0	0	0	0	0	0	0	1173.143	1173.143	5500.108	28.905	28.905	733.676	733.676	28.905	28.905	733	676	733.676	2283.244	2283.244	2283.244	3126.35	3126.35	3126.35	274.312	274.312	274.312	274.312	274.312	1173.143	28.905	28.905	733.676	733.676	28.905	28.905	733.676	733.676	2283.244	2283.244	2283.244	3126.35	3126.35	3126.35	274.312	274.312	274.312	274.312	274.312	1173.143	1173.143	0	0	0	0	0	0	0	0	1173.143	1173.143	5500.108	28.905	28.905	733.676	733.676	28.905	28.905	733	676	733.676	2283.244	2283.244	2283.244	3126.35	3126.35	3126.35	274.312	274.312	274.312	274.312	274.312	1173.143	28.905	28.905	733.676	733.676	28.905	28.905	733.676	733.676	2283.244	2283.244	2283.244	3126.35	3126.35	3126.35	274.312	274.312	274.312	274.312	274.312	1173.143	1173.143	0	0	0	0	0	0	0	0	1173.143	1173.143	5500.108	28.905	28.905	733.676	733.676	28.905	28.905	733	676	733.676	2283.244	2283.244	2283.244	3126.35	3126.35	3126.35	274.312	274.312	274.312	274.312	274.312	1173.143	28.905	28.905	733.676	733.676	28.905	28.905	733.676	733.676	2283.244	2283.244	2283.244	3126.35	3126.35	3126.35	274.312	274.312	274.312	274.312	274.312	1173.143	1173.143	0	0	0	0	0	0	0	0	1173.143	1173.143	5500.108	28.905	28.905	733.676	733.676	28.905	28.905	733	676	733.676	2283.244	2283.244	2283.244	3126.35	3126.35	3126.35	274.312

# Start up hot costs (SUHC)
28.905	28.905	733.676	733.676	28.905	28.905	733.676	733.676	1008.5	1008.5	1008.5	1746.722	1746.722	1746.722	153.292	153.292	153.292	153.292	153.292	320.06	320.06	0	0	0	0	0	0	0	0	320.06	320.06	2357.365	28.905	28.905	733.676	733.676	28.905	28.905	733.676	733.676	1008	0.5	1008.5	1008.5	1746.722	1746.722	1746.722	153.292	153.292	153.292	153.292	153.292	320.06	28.905	28.905	733.676	733.676	28.905	28.905	733.676	733.676	1008.5	1008.5	1008.5	1746.722	1746.722	1746.722	153.292	153.292	153.292	153.292	153.292	320.06	320.06	0	0	0	0	0	0	0	0	320.06	320.06	2357.365	28.905	28.905	733.676	733.676	28.905	28.905	733.676	733.676	1008	0.5	1008.5	1008.5	1746.722	1746.722	1746.722	153.292	153.292	153.292	153.292	153.292	320.06	28.905	28.905	733.676	733.676	28.905	28.905	733.676	733.676	1008.5	1008.5	1008.5	1746.722	1746.722	1746.722	153.292	153.292	153.292	153.292	153.292	320.06	320.06	0	0	0	0	0	0	0	0	320.06	320.06	2357.365	28.905	28.905	733.676	733.676	28.905	28.905	733.676	733.676	1008	0.5	1008.5	1008.5	1746.722	1746.722	1746.722	153.292	153.292	153.292	153.292	153.292	320.06	28.905	28.905	733.676	733.676	28.905	28.905	733.676	733.676	1008.5	1008.5	1008.5	1746.722	1746.722	1746.722	153.292	153.292	153.292	153.292	153.292	320.06	320.06	0	0	0	0	0	0	0	0	320.06	320.06	2357.365	28.905	28.905	733.676	733.676	28.905	28.905	733.676	733.676	1008	0.5	1008.5	1008.5	1746.722	1746.722	1746.722	153.292	153.292	153.292	153.292	153.292	320.06	28.905	28.905	733.676	733.676	28.905	28.905	733.676	733.676	1008.5	1008.5	1008.5	1746.722	1746.722	1746.722	153.292	153.292	153.292	153.292	153.292	320.06	320.06	0	0	0	0	0	0	0	0	320.06	320.06	2357.365	28.905	28.905	733.676	733.676	28.905	28.905	733.676	733.676	1008	0.5	1008.5	1008.5	1746.722	1746.722	1746.722	153.292

# Shut-down cost (SDC)
0	0	0	0	0	0	0	0	0	0	0	0	0	0	0	0	0	0	0	0	0	0	0	0	0	0	0	0	0	0	0	0	0	0	0	0	0	0	0	0	0	0	0	0	0	0	0	0	0	0	0	0	0	0	0	0	0	0	0	0	0	0	0	0	0	0	0	0	0	0	0	0	0	0	0	0	0	0	0	0	0	0	0	0	0	0	0	0	0	0	0	0	0	0	0	0	0	0	0	0	0	0	0	0	0	0	0	0	0	0	0	0	0	0	0	0	0	0	0	0	0	0	0	0	0	0	0	0	0	0	0	0	0	0	0	0	0	0	0	0	0	0	0	0	0	0	0	0	0	0	0	0	0	0	0	0	0	0	0	0	0	0	0	0	0	0	0	0	0	0	0	0	0	0	0	0	0	0	0	0	0	0	0	0	0	0	0	0	0	0	0	0	0	0	0	0	0	0	0	0	0	0	0	0	0	0	0	0	0	0	0	0	0	0	0	0	0	0	0	0	0	0	0	0	0	0	0	0	0	0	0	0	0	0	0	0	0	0	0	0	0	0	0	0	0	0	0	0	0	0	0	0	0	0	0	0	0	0	0	0

# Number of hours of a cold start (nCOLD)
0	0	12	12	0	0	12	12	7	7	7	7	7	7	4	4	4	4	4	11	11	0	0	0	0	0	0	0	0	11	11	12	0	0	12	12	0	0	12	12	7	7	7	7	7	7	4	4	4	4	4	11	11	0	0	0	12	12	0	0	12	12	7	7	7	7	7	7	4	4	4	4	4	11	11	0	0	0	0	0	0	0	0	11	11	12	0	0	12	12	0	0	12	12	7	7	7	7	7	7	4	4	4	4	4	11	11	0	0	0	12	12	0	0	12	12	7	7	7	7	7	7	4	4	4	4	4	11	11	0	0	0	0	0	0	0	0	11	11	12	0	0	12	12	0	0	12	12	7	7	7	7	7	7	4	4	4	4	4	11	11	0	0	0	12	12	0	0	12	12	7	7	7	7	7	7	4	4	4	4	4	11	11	0	0	0	0	0	0	0	0	11	11	12	0	0	12	12	0	0	12	12	7	7	7	7	7	7	4	4	4	4	4	11	11	0	0	0	12	12	0	0	12	12	7	7	7	7	7	7	4	4	4	4	4	11	11	0	0	0	0	0	0	0	0	11	11	12	0	0	12	12	0	0	12	12	7	7	7	7

58.613559	82.506432	83.402487
58.613559	82.506432	83.402487
12.268146	14.250056	16.385841
12.268146	14.250056	16.385841
58.613559	82.506432	83.402487
58.613559	82.506432	83.402487
12.268146	14.250056	16.385841
12.268146	14.250056	16.385841
35.128072	38.00028	39.843818
35.128072	38.00028	39.843818
35.128072	38.00028	39.843818
35.632322	37.21365	38.80708
35.632322	37.21365	38.80708
35.632322	37.21365	38.80708
41.67122	47.068712	53.325446
41.67122	47.068712	53.325446
41.67122	47.068712	53.325446
41.67122	47.068712	53.325446
41.67122	47.068712	53.325446
10.513971	10.9559	11.548011
10.513971	10.9559	11.548011
5.379	5.526	5.6628
5.379	5.526	5.6628
0	0	0
0	0	0
0	0	0
0	0	0
0	0	0
0	0	0
10.513971	10.9559	11.548011
10.513971	10.9559	11.548011
10.950976	11.379364	12.024408
58.613559	82.506432	83.402487
58.613559	82.506432	83.402487
12.268146	14.250056	16.385841
12.268146	14.250056	16.385841
58.613559	82.506432	83.402487
58.613559	82.506432	83.402487
12.268146	14.250056	16.385841
12.268146	14.250056	16.385841
35.128072	38.00028	39.843818
35.128072	38.00028	39.843818
35.128072	38.00028	39.843818
35.632322	37.21365	38.80708
35.632322	37.21365	38.80708
35.632322	37.21365	38.80708
41.67122	47.068712	53.325446
41.67122	47.068712	53.325446
41.67122	47.068712	53.325446
41.67122	47.068712	53.325446
41.67122	47.068712	53.325446
10.513971	10.9559	11.548011
10.513971	10.9559	11.548011
5.379	5.526	5.6628
58.613559	82.506432	83.402487
58.613559	82.506432	83.402487
12.268146	14.250056	16.385841
12.268146	14.250056	16.385841
58.613559	82.506432	83.402487
58.613559	82.506432	83.402487
12.268146	14.250056	16.385841
12.268146	14.250056	16.385841
35.128072	38.00028	39.843818
35.128072	38.00028	39.843818
35.128072	38.00028	39.843818
35.632322	37.21365	38.80708
35.632322	37.21365	38.80708
35.632322	37.21365	38.80708
41.67122	47.068712	53.325446
41.67122	47.068712	53.325446
41.67122	47.068712	53.325446
41.67122	47.068712	53.325446
41.67122	47.068712	53.325446
10.513971	10.9559	11.548011
10.513971	10.9559	11.548011
5.379	5.526	5.6628
5.379	5.526	5.6628
0	0	0
0	0	0
0	0	0
0	0	0
0	0	0
0	0	0
10.513971	10.9559	11.548011
10.513971	10.9559	11.548011
10.950976	11.379364	12.024408
58.613559	82.506432	83.402487
58.613559	82.506432	83.402487
12.268146	14.250056	16.385841
12.268146	14.250056	16.385841
58.613559	82.506432	83.402487
58.613559	82.506432	83.402487
12.268146	14.250056	16.385841
12.268146	14.250056	16.385841
35.128072	38.00028	39.843818
35.128072	38.00028	39.843818
35.128072	38.00028	39.843818
35.632322	37.21365	38.80708
35.632322	37.21365	38.80708
35.632322	37.21365	38.80708
41.67122	47.068712	53.325446
41.67122	47.068712	53.325446
41.67122	47.068712	53.325446
41.67122	47.068712	53.325446
41.67122	47.068712	53.325446
10.513971	10.9559	11.548011
10.513971	10.9559	11.548011
5.379	5.526	5.6628
58.613559	82.506432	83.402487
58.613559	82.506432	83.402487
12.268146	14.250056	16.385841
12.268146	14.250056	16.385841
58.613559	82.506432	83.402487
58.613559	82.506432	83.402487
12.268146	14.250056	16.385841
12.268146	14.250056	16.385841
35.128072	38.00028	39.843818
35.128072	38.00028	39.843818
35.128072	38.00028	39.843818
35.632322	37.21365	38.80708
35.632322	37.21365	38.80708
35.632322	37.21365	38.80708
41.67122	47.068712	53.325446
41.67122	47.068712	53.325446
41.67122	47.068712	53.325446
41.67122	47.068712	53.325446
41.67122	47.068712	53.325446
10.513971	10.9559	11.548011
10.513971	10.9559	11.548011
5.379	5.526	5.6628
5.379	5.526	5.6628
0	0	0
0	0	0
0	0	0
0	0	0
0	0	0
0	0	0
10.513971	10.9559	11.548011
10.513971	10.9559	11.548011
10.950976	11.379364	12.024408
58.613559	82.506432	83.402487
58.613559	82.506432	83.402487
12.268146	14.250056	16.385841
12.268146	14.250056	16.385841
58.613559	82.506432	83.402487
58.613559	82.506432	83.402487
12.268146	14.250056	16.385841
12.268146	14.250056	16.385841
35.128072	38.00028	39.843818
35.128072	38.00028	39.843818
35.128072	38.00028	39.843818
35.632322	37.21365	38.80708
35.632322	37.21365	38.80708
35.632322	37.21365	38.80708
41.67122	47.068712	53.325446
41.67122	47.068712	53.325446
41.67122	47.068712	53.325446
41.67122	47.068712	53.325446
41.67122	47.068712	53.325446
10.513971	10.9559	11.548011
10.513971	10.9559	11.548011
5.379	5.526	5.6628
58.613559	82.506432	83.402487
58.613559	82.506432	83.402487
12.268146	14.250056	16.385841
12.268146	14.250056	16.385841
58.613559	82.506432	83.402487
58.613559	82.506432	83.402487
12.268146	14.250056	16.385841
12.268146	14.250056	16.385841
35.128072	38.00028	39.843818
35.128072	38.00028	39.843818
35.128072	38.00028	39.843818
35.632322	37.21365	38.80708
35.632322	37.21365	38.80708
35.632322	37.21365	38.80708
41.67122	47.068712	53.325446
41.67122	47.068712	53.325446
41.67122	47.068712	53.325446
41.67122	47.068712	53.325446
41.67122	47.068712	53.325446
10.513971	10.9559	11.548011
10.513971	10.9559	11.548011
5.379	5.526	5.6628
5.379	5.526	5.6628
0	0	0
0	0	0
0	0	0
0	0	0
0	0	0
0	0	0
10.513971	10.9559	11.548011
10.513971	10.9559	11.548011
10.950976	11.379364	12.024408
58.613559	82.506432	83.402487
58.613559	82.506432	83.402487
12.268146	14.250056	16.385841
12.268146	14.250056	16.385841
58.613559	82.506432	83.402487
58.613559	82.506432	83.402487
12.268146	14.250056	16.385841
12.268146	14.250056	16.385841
35.128072	38.00028	39.843818
35.128072	38.00028	39.843818
35.128072	38.00028	39.843818
35.632322	37.21365	38.80708
35.632322	37.21365	38.80708
35.632322	37.21365	38.80708
41.67122	47.068712	53.325446
41.67122	47.068712	53.325446
41.67122	47.068712	53.325446
41.67122	47.068712	53.325446
41.67122	47.068712	53.325446
10.513971	10.9559	11.548011
10.513971	10.9559	11.548011
5.379	5.526	5.6628
58.613559	82.506432	83.402487
58.613559	82.506432	83.402487
12.268146	14.250056	16.385841
12.268146	14.250056	16.385841
58.613559	82.506432	83.402487
58.613559	82.506432	83.402487
12.268146	14.250056	16.385841
12.268146	14.250056	16.385841
35.128072	38.00028	39.843818
35.128072	38.00028	39.843818
35.128072	38.00028	39.843818
35.632322	37.21365	38.80708
35.632322	37.21365	38.80708
35.632322	37.21365	38.80708
41.67122	47.068712	53.325446
41.67122	47.068712	53.325446
41.67122	47.068712	53.325446
41.67122	47.068712	53.325446
41.67122	47.068712	53.325446
10.513971	10.9559	11.548011
10.513971	10.9559	11.548011
5.379	5.526	5.6628
5.379	5.526	5.6628
0	0	0
0	0	0
0	0	0
0	0	0
0	0	0
0	0	0
10.513971	10.9559	11.548011
10.513971	10.9559	11.548011
10.950976	11.379364	12.024408
58.613559	82.506432	83.402487
58.613559	82.506432	83.402487
12.268146	14.250056	16.385841
12.268146	14.250056	16.385841
58.613559	82.506432	83.402487
58.613559	82.506432	83.402487
12.268146	14.250056	16.385841
12.268146	14.250056	16.385841
35.128072	38.00028	39.843818
35.128072	38.00028	39.843818
35.128072	38.00028	39.843818
35.632322	37.21365	38.80708

# Power ranges for each slope of the production cost function (PR)
140	420	140
22.4	67.2	22.4
14	42	14
16.8	50.4	16.8
280	840	280
39.2	117.6	39.2
75.6	226.8	75.6
84	252	84
14	42	14
14	42	14
5.6	16.8	5.6
67.2	201.6	67.2
14	42	14
11.2	33.6	11.2
33.6	100.8	33.6
16.8	50.4	16.8
14	42	14
4.7012	14.1036	4.7012
11.2	33.6	11.2
14	42	14
280	840	280
28	84	28
140	420	140
336	1008	336
280	840	280
16.8	50.4	16.8
28	84	28
126	378	126
16.8	50.4	16.8
168	504	168
11.2	33.6	11.2
14	42	14
280	840	280
168	504	168
14	42	14
16.8	50.4	16.8
14	42	14
14	42	14
11.2	33.6	11.2
11.2	33.6	11.2
11.2	33.6	11.2
11.2	33.6	11.2
280	840	280
140	420	140
5.6	16.8	5.6
5.7484	17.2452	5.7484
280	840	280
14	42	14
4.4688	13.4064	4.4688
14	42	14
127.7892	383.3676	127.7892
66.1024	198.3072	66.1024
5.6	16.8	5.6
140	420	140
280	840	280
28	84	28
14	42	14
14	42	14
16.702	50.106	16.702
28	84	28
11.2	33.6	11.2
14	42	14
14	42	14
14	42	14
280	840	280
11.2	33.6	11.2
11.2	33.6	11.2
50.4	151.2	50.4
16.8	50.4	16.8
22.4	67.2	22.4
280	840	280
16.8	50.4	16.8
27.5408	82.6224	27.5408
280	840	280
14	42	14
22.4	67.2	22.4
280	840	280
16.8	50.4	16.8
5.6	16.8	5.6
1.267	3.801	1.267
30.0804	90.2412	30.0804
16.8	50.4	16.8
5.6	16.8	5.6
11.2	33.6	11.2
0.9562	2.8686	0.9562
69.069	207.207	69.069
28	84	28
140	420	140
5.6	16.8	5.6
33.6	100.8	33.6
14	42	14
16.8	50.4	16.8
75.6	226.8	75.6
14	42	14
14	42	14
140	420	140
14	42	14
11.2	33.6	11.2
11.2	33.6	11.2
18.9378	56.8134	18.9378
16.8	50.4	16.8
16.8	50.4	16.8
168	504	168
14	42	14
126	378	126
11.2	33.6	11.2
84	252	84
14	42	14
14	42	14
140	420	140
14	42	14
168	504	168
98	294	98
126	378	126
140	420	140
14	42	14
14	42	14
14	42	14
14	42	14
28	84	28
14	42	14
84	252	84
11.2	33.6	11.2
11.2	33.6	11.2
16.8	50.4	16.8
586.453	1759.359	586.453
11.2	33.6	11.2
14	42	14
140	420	140
140	420	140
11.2	33.6	11.2
14	42	14
14	42	14
11.2	33.6	11.2
14	42	14
39.459	118.377	39.459
140	420	140
14	42	14
140	420	140
1.4644	4.3932	1.4644
22.4	67.2	22.4
14	42	14
11.2	33.6	11.2
14	42	14
30.8168	92.4504	30.8168
11.2	33.6	11.2
22.4	67.2	22.4
84	252	84
14	42	14
16.8	50.4	16.8
280	840	280
22.4	67.2	22.4
16.8	50.4	16.8
14	42	14
5.6	16.8	5.6
280	840	280
14	42	14
11.2	33.6	11.2
280	840	280
34.8684	104.6052	34.8684
140	420	140
14	42	14
560	1680	560
28	84	28
5.6	16.8	5.6
11.2	33.6	11.2
33.6	100.8	33.6
22.4	67.2	22.4
168	504	168
252	756	252
61.6	184.8	61.6
67.2	201.6	67.2
11.2	33.6	11.2
14	42	14
280	840	280
14	42	14
14	42	14
126	378	126
107.7916	323.3748	107.7916
7.5264	22.5792	7.5264
16.8	50.4	16.8
11.2	33.6	11.2
28	84	28
11.2	33.6	11.2
14	42	14
14	42	14
28	84	28
140	420	140
39.2	117.6	39.2
14	42	14
100.8	302.4	100.8
22.4	67.2	22.4
22.4	67.2	22.4
4.5542	13.6626	4.5542
14	42	14
16.8	50.4	16.8
14	42	14
560	1680	560
42	126	42
39.2	117.6	39.2
11.2	33.6	11.2
14	42	14
11.2	33.6	11.2
16.8	50.4	16.8
84	252	84
38.1192	114.3576	38.1192
140	420	140
280	840	280
1.029	3.087	1.029
14	42	14
560	1680	560
22.4	67.2	22.4
11.2	33.6	11.2
14	42	14
16.8	50.4	16.8
28	84	28
112	336	112
112	336	112
123.2	369.6	123.2
39.2	117.6	39.2
280	840	280
280	840	280
28	84	28
280	840	280
126	378	126
14	42	14
145.824	437.472	145.824
28	84	28
11.2	33.6	11.2
5.6	16.8	5.6
33.6	100.8	33.6
14	42	14
336	1008	336
140	420	140
14	42	14
11.2	33.6	11.2
28	84	28
14	42	14
14	42	14
14	42	14
14	42	14
14	42	14
280	840	280
33.6	100.8	33.6
14	42	14
22.4	67.2	22.4
280	840	280
12.1422	36.4266	12.1422
14	42	14
14	42	14
28	84	28
44.3926	133.1778	44.3926
61.6	184.8	61.6
140	420	140
14	42	14
14	42	14
14	42	14
140	420	140
14	42	14
22.4	67.2	22.4
1.2	3.6	1.2
1.2	3.6	1.2
45	135	45
45	135	45
0.5	1.5	0.5
2.4	7.2	2.4
34	102	34
12.2	36.6	12.2
4.2	12.6	4.2
1.4	4.2	1.4
2	6	2
6.08	18.24	6.08
0.4	1.2	0.4
0.38	1.14	0.38
0.4	1.2	0.4
45	135	45
7.2	21.6	7.2
0.54	1.62	0.54
20.2	60.6	20.2
2.4	7.2	2.4
2.4	7.2	2.4
0.32	0.96	0.32
1.2	3.6	1.2
1.66	4.98	1.66
13.6	40.8	13.6
13.6	40.8	13.6
6.2	18.6	6.2
6.2	18.6	6.2
10	30	10
25	75	25
25	75	25
6	18	6
0.5	1.5	0.5
0.68	2.04	0.68
5	15	5
5	15	5
6.2	18.6	6.2
6.2	18.6	6.2
15.6	46.8	15.6
9.6	28.8	9.6
11	33	11
11	33	11
22.6	67.8	22.6
22.6	67.8	22.6
3.36	10.08	3.36
77.2	231.6	77.2
76.6	229.8	76.6
1.2	3.6	1.2
27	81	27
2.56	7.68	2.56
2.5	7.5	2.5
4	12	4
4	12	4
3.8	11.4	3.8
4.8	14.4	4.8
4.8	14.4	4.8
5.8	17.4	5.8
10	30	10
10	30	10
10	30	10
10	30	10
5	15	5
5	15	5
5	15	5
5	15	5
5	15	5
5	15	5
5	15	5
1.2	3.6	1.2
14	42	14
10	30	10
14	42	14
10	30	10
4.8	14.4	4.8
3.3	9.9	3.3
2.92	8.76	2.92
2.92	8.76	2.92
2.92	8.76	2.92
1.1	3.3	1.1
1.1	3.3	1.1
1.5	4.5	1.5
1.6	4.8	1.6
11	33	11
46	138	46
45	135	45
3.6	10.8	3.6
6.4	19.2	6.4
5	15	5
24	72	24
24	72	24
24	72	24
22	66	22
25	75	25
25	75	25
23.8	71.4	23.8
23.4	70.2	23.4
22	66	22
20	60	20
11	33	11
3	9	3
11	33	11
2.4	7.2	2.4
2.4	7.2	2.4
0.8	2.4	0.8
0.8	2.4	0.8
3	9	3
4.4	13.2	4.4
45	135	45
9.2	27.6	9.2
9.2	27.6	9.2
2.8	8.4	2.8
2.8	8.4	2.8
2.8	8.4	2.8
0.76	2.28	0.76
0.84	2.52	0.84
2.8	8.4	2.8
24.6	73.8	24.6
25.6	76.8	25.6
32.2	96.6	32.2
32.2	96.6	32.2
10	30	10
22	66	22
9	27	9
9	27	9
22	66	22
22	66	22
8	24	8
45	135	45
45	135	45
45	135	45
7	21	7
1.6	4.8	1.6
5	15	5
6	18	6
6.4	19.2	6.4
6.4	19.2	6.4
2.1	6.3	2.1
2.1	6.3	2.1
24	72	24
24	72	24
0.36	1.08	0.36
0.98	2.94	0.98
0.06	0.18	0.06
10	30	10
10	30	10
44.4	133.2	44.4
5.6	16.8	5.6
5.8	17.4	5.8
5.6	16.8	5.6
11	33	11
20	60	20
21.2	63.6	21.2
0.44	1.32	0.44
0.26	0.78	0.26
0.58	1.74	0.58
1.2	3.6	1.2
10.9	32.7	10.9
1.2	3.6	1.2
1	3	1
5.7	17.1	5.7
0.88	2.64	0.88
6	18	6
2.3	6.9	2.3
24	72	24
1.3	3.9	1.3
0.8	2.4	0.8
0.54	1.62	0.54
0.54	1.62	0.54
0.52	1.56	0.52
0.6	1.8	0.6
0.8	2.4	0.8
0.12	0.36	0.12
0.88	2.64	0.88
0.26	0.78	0.26
1.98	5.94	1.98
0.26	0.78	0.26
10	30	10
10	30	10
5.6	16.8	5.6
11	33	11
1.98	5.94	1.98
0.88	2.64	0.88
0.88	2.64	0.88
0.7	2.1	0.7
0.34	1.02	0.34
0.04	0.12	0.04
0.26	0.78	0.26
0.26	0.78	0.26
0.06	0.18	0.06
1.22	3.66	1.22
0.62	1.86	0.62
0.88	2.64	0.88
40	120	40
40	120	40
0.58	1.74	0.58
0.06	0.18	0.06
4.06	12.18	4.06
13.4	40.2	13.4
13	39	13
0.06	0.18	0.06
1.1	3.3	1.1
0.2	0.6	0.2
0.88	2.64	0.88
6.12	18.36	6.12
6.12	18.36	6.12
1.3	3.9	1.3
0.26	0.78	0.26
0.2	0.6	0.2
1.22	3.66	1.22
0.44	1.32	0.44
1.12	3.36	1.12
0.88	2.64	0.88
2	6	2
0.34	1.02	0.34
0.88	2.64	0.88
11.2	33.6	11.2
3.6	10.8	3.6
0.8	2.4	0.8
0.1	0.3	0.1
47	141	47
10	30	10
21.6	64.8	21.6
21.6	64.8	21.6
3.28	9.84	3.28
1.94	5.82	1.94
0.06	0.18	0.06
0.22	0.66	0.22
0.22	0.66	0.22
2.4	7.2	2.4
2.1	6.3	2.1
0.24	0.72	0.24
0.66	1.98	0.66
0.18	0.54	0.18
0.62	1.86	0.62
10	30	10
6.4	19.2	6.4
7	21	7
11	33	11
11	33	11
0.1	0.3	0.1
0.6	1.8	0.6
0.08	0.24	0.08
11	33	11
11	33	11
1.6	4.8	1.6
0.14	0.42	0.14
0.06	0.18	0.06
0.08	0.24	0.08
0.18	0.54	0.18
0.14	0.42	0.14
2.2	6.6	2.2
4	12	4
5.6	16.8	5.6
2.64	7.92	2.64
2.64	7.92	2.64
1.18	3.54	1.18
5	15	5
11	33	11
11	33	11
11	33	11
11	33	11
1.32	3.96	1.32
4.4	13.2	4.4
0.56	1.68	0.56
0.8	2.4	0.8
0.8	2.4	0.8
0.8	2.4	0.8
0.8	2.4	0.8
3.2	9.6	3.2
4	12	4
2.48	7.44	2.48
2.48	7.44	2.48
8.1	24.3	8.1
1.54	4.62	1.54
0.12	0.36	0.12
0.4	1.2	0.4
1	3	1
0.34	1.02	0.34
5	15	5
6.92	20.76	6.92
5	15	5
0.34	1.02	0.34
0.04	0.12	0.04
0.08	0.24	0.08
2.64	7.92	2.64
1	3	1
1	3	1
2.64	7.92	2.64
0.1	0.3	0.1
4	12	4
1.26	3.78	1.26
0.12	0.36	0.12
0.06	0.18	0.06
0.34	1.02	0.34
0.56	1.68	0.56
0.06	0.18	0.06
0.6	1.8	0.6
0.5	1.5	0.5
2.94	8.82	2.94
0.06	0.18	0.06
0.26	0.78	0.26
0.2	0.6	0.2
0.02	0.06	0.02
0.02	0.06	0.02
0.82	2.46	0.82
0.1	0.3	0.1
2.26	6.78	2.26
1.2	3.6	1.2
6.4	19.2	6.4
8	24	8
3.66	10.98	3.66
1.2	3.6	1.2
10	30	10
0.68	2.04	0.68
1.76	5.28	1.76
0.02	0.06	0.02
5.6	16.8	5.6
5.34	16.02	5.34
5.34	16.02	5.34
5.34	16.02	5.34
5.34	16.02	5.34
5.34	16.02	5.34
5.34	16.02	5.34
5.6	16.8	5.6
0.8	2.4	0.8
0.8	2.4	0.8
10.8	32.4	10.8
10.4	31.2	10.4
10.2	30.6	10.2
3.6	10.8	3.6
0	0	0
0	0	0
0	0	0
0	0	0
0	0	0
0	0	0
