#LOAD
12048.897929999996
11210.898919999996
10649.133679999997
10256.2853
10045.913870000004
10086.205969999999
10198.559060000001
11075.687830000006
12106.624099999995
13185.213550000004
14118.51895
15035.164979999996
15472.954430000002
15690.687
16200.924799999993
16657.69821999999
16804.144610000007
16674.35736
16185.81524
15583.757870000001
15527.968749999996
15209.118509999997
13872.504299999991
12697.446209999996
11510.378029999996
10819.212920000005
10229.552999999994
9802.611340000005
9494.221619999997
9273.00227999999
9309.80754
10030.804340000002
11480.933760000005
12604.464439999996
13727.995080000006
14763.96794000001
