#LOAD
2078.64066
2003.1088599999991
1915.1049600000001
1881.65181
1836.19279
1887.7130199999995
1927.9267300000004
2075.0272099999997
2262.69131
2482.6427699999995
2628.92736
2695.1342899999995
2712.0356899999983
2715.9987899999987
2712.5019899999993
2754.5806999999995
2831.860910000001
2859.8356700000004
3058.8061300000004
3333.4248700000007
3075.124790000001
2847.9464199999998
2596.290199999999
2282.1570200000006
2322.25418
2240.3114000000005
2206.62521
2194.6193999999996
2269.5683999999997
2550.5981500000003
3095.6395399999997
3053.794010000001
3002.5068999999994
3119.767779999999
3192.5021300000008
3205.323860000002
